id	effectiveTime	active	moduleId	refsetId	referencedComponentId	acceptabilityId
735197ba-0527-4627-887c-0a465b3d2073	20201130	1	45991000052106	63461000052102	4191901000052111	900000000000548007
2182b115-d03f-4676-8dee-354c50695e17	20201130	1	45991000052106	63461000052102	3554501000052117	900000000000548007
59f5175b-c8f4-4529-9810-44e949159aee	20201130	1	45991000052106	63461000052102	3554551000052116	900000000000548007
fad37cd4-a72f-4cfc-a327-71d6b353380c	20201130	1	45991000052106	63461000052102	3556311000052115	900000000000548007
3c829fd9-5392-4251-a852-12b45ebb2b77	20201130	1	45991000052106	63461000052102	3559691000052111	900000000000548007
4f2fc132-ae6d-47b7-b0d3-ae5b9fb0bdf8	20201130	1	45991000052106	63461000052102	4191791000052117	900000000000548007
fda57356-c0e8-4885-abec-1a7c1205d90d	20201130	1	45991000052106	63461000052102	3554721000052116	900000000000548007
b2e9a46d-bcce-4d88-a5f4-d8598bd29181	20201130	1	45991000052106	63461000052102	4145111000052116	900000000000548007
477e93a4-d332-4075-a2f3-7e23c949ac33	20201130	1	45991000052106	63461000052102	3555831000052114	900000000000548007
10b8770a-aaab-4ca5-98e7-8c4a0c44a50e	20201130	1	45991000052106	63461000052102	4328771000052112	900000000000548007
a8bf8031-a0fe-42c4-877d-ed9adf85317f	20201130	1	45991000052106	63461000052102	3556321000052111	900000000000548007
3e82b532-17e9-4676-a73c-9127def0b4c2	20201130	1	45991000052106	63461000052102	3556191000052111	900000000000548007
6641423c-49d9-4b4f-b526-fa8d2e290ab2	20201130	1	45991000052106	63461000052102	4390251000052115	900000000000548007
3c175087-093c-4924-8b3b-bb1085681531	20201130	1	45991000052106	63461000052102	3556231000052117	900000000000548007
dea3ae85-6dc1-453d-9d09-6bfa589fa8ec	20201130	1	45991000052106	63461000052102	3556141000052116	900000000000548007
4a61cb7a-0359-4b15-a9ee-75f69a124e12	20201130	1	45991000052106	63461000052102	3556611000052112	900000000000548007
c4cddf4f-5ea8-4797-a7f7-1f9dcb1f0730	20201130	1	45991000052106	63461000052102	3556061000052116	900000000000548007
2a37343e-550d-4df5-b20e-0a5fd950d49c	20201130	1	45991000052106	63461000052102	3555701000052114	900000000000548007
03409ee0-474f-4e59-9623-641afbf09cca	20201130	1	45991000052106	63461000052102	3555811000052116	900000000000548007
66b064e6-3fbe-4d72-bbeb-5859b452dae2	20201130	1	45991000052106	63461000052102	3554441000052118	900000000000548007
8c33c8b3-8616-4671-91d5-ddd53658cbc1	20201130	1	45991000052106	63461000052102	3556241000052111	900000000000548007
38789b9b-33c3-4571-afd2-918a161ab926	20201130	1	45991000052106	63461000052102	3554521000052111	900000000000548007
01119c5e-099b-4520-9d6f-5227e1d205c5	20201130	1	45991000052106	63461000052102	3555731000052118	900000000000548007
88cfe636-815f-4a85-9138-e812ab8b8ac3	20201130	1	45991000052106	63461000052102	3555041000052110	900000000000548007
dc693b4d-7943-4da6-a136-5190344c590d	20201130	1	45991000052106	63461000052102	4191991000052119	900000000000548007
c5880bcd-ce5e-46d6-bec7-f8dac3ffe286	20201130	1	45991000052106	63461000052102	3556171000052112	900000000000548007
a757d03a-6ff5-47f3-8667-f6a919f39d27	20201130	1	45991000052106	63461000052102	3556401000052112	900000000000548007
f07fd241-075a-4a72-a0a4-5a30ebd1fce9	20201130	1	45991000052106	63461000052102	3554431000052112	900000000000548007
b18d4b36-6529-4b21-84fe-103e48da8416	20201130	1	45991000052106	63461000052102	4192031000052112	900000000000548007
83d47fc3-30bd-4b64-bce3-943bc663e9b6	20201130	1	45991000052106	63461000052102	3555641000052119	900000000000548007
98a64f12-a65d-4339-a6d8-62db171db219	20201130	1	45991000052106	63461000052102	3554481000052111	900000000000548007
db191e37-6855-44b8-acbe-2a15a784f721	20201130	1	45991000052106	63461000052102	3555851000052117	900000000000548007
b51f3c36-1fc6-4980-b51d-4f5f7aa846a1	20201130	1	45991000052106	63461000052102	4192331000052114	900000000000548007
3484b20f-007c-4ef2-ac23-ff0a30c10201	20201130	1	45991000052106	63461000052102	3556221000052119	900000000000548007
d264c5fe-a9e7-440b-be3d-d566484668c4	20201130	1	45991000052106	63461000052102	3556441000052110	900000000000548007
df5b08bc-61a9-4454-a2ba-c802afb8bdec	20201130	1	45991000052106	63461000052102	3554641000052115	900000000000548007
452c23ae-d17b-4a91-84fa-e4446e359fb4	20201130	1	45991000052106	63461000052102	3554491000052113	900000000000548007
8de13294-a35d-4729-8015-ab05734a1697	20201130	1	45991000052106	63461000052102	3556251000052114	900000000000548007
286e5d95-eb46-4406-be0e-1ed9f02e9e5e	20201130	1	45991000052106	63461000052102	4192061000052117	900000000000548007
b67f5b06-31ad-49b6-b005-753946e4c0eb	20201130	1	45991000052106	63461000052102	3555581000052111	900000000000548007
209cbff4-9829-4eb3-bdd3-5d81c67a15fc	20201130	1	45991000052106	63461000052102	3554531000052113	900000000000548007
209eec2a-7d13-497d-8240-82e2277da413	20201130	1	45991000052106	63461000052102	3555841000052115	900000000000548007
8846d110-3364-4892-97b1-43417a491c5a	20201130	1	45991000052106	63461000052102	3555711000052111	900000000000548007
0d1e7fd1-732a-4d9e-b97b-ece6e0eaf896	20201130	1	45991000052106	63461000052102	3556111000052117	900000000000548007
7ef4cee7-5262-444f-b591-fac15ba405d5	20201130	1	45991000052106	63461000052102	3556121000052113	900000000000548007
172d8222-bc80-4952-9fdc-266c9c88e543	20201130	1	45991000052106	63461000052102	3555941000052114	900000000000548007
901a64ab-2145-40cc-9af5-56692f6d686d	20201130	1	45991000052106	63461000052102	3556041000052117	900000000000548007
11175449-fec9-4547-a40a-9cda3578e72a	20201130	1	45991000052106	63461000052102	4192371000052111	900000000000548007
64e67fd1-ccdf-4369-b11a-5f08cc249124	20201130	1	45991000052106	63461000052102	3555551000052115	900000000000548007
c74dfad9-1adb-4ee8-95a4-76ea313b2d25	20201130	1	45991000052106	63461000052102	3555551000052115	900000000000548007
03cf3e45-7688-4ac4-8085-6139a58ddc53	20201130	1	45991000052106	63461000052102	3556371000052110	900000000000548007
26e1aad2-f489-4677-94be-ac2f320d2711	20201130	1	45991000052106	63461000052102	3554541000052119	900000000000548007
6dfb5c0a-fe75-4cf1-8fa6-b5d199f1cdae	20201130	1	45991000052106	63461000052102	4364701000052119	900000000000548007
6a63e0e1-cc71-4233-9a32-db49daf133e2	20201130	1	45991000052106	63461000052102	3555991000052119	900000000000548007
090d21d0-09b1-472c-b970-2e71af5d0d5d	20201130	1	45991000052106	63461000052102	3555801000052118	900000000000548007
bf9b0aa5-a138-42dc-a7be-124a5760a298	20201130	1	45991000052106	63461000052102	3556291000052116	900000000000548007
726c8a59-4321-48f1-a29a-c6d40532d270	20201130	1	45991000052106	63461000052102	3554691000052110	900000000000548007
ee18031c-bbb3-4b02-b740-4ae8d5db838c	20201130	1	45991000052106	63461000052102	3555761000052113	900000000000548007
66650f86-3676-42e4-84a3-700501d9b3ff	20201130	1	45991000052106	63461000052102	3556431000052116	900000000000548007
e56d094a-90a5-4107-ae63-acece166f42c	20201130	1	45991000052106	63461000052102	4192231000052118	900000000000548007
d07690be-b11f-4820-b357-ed3c9f3a675e	20201130	1	45991000052106	63461000052102	3556641000052113	900000000000548007
af348202-70f7-4af4-87d5-cbbd1884c69a	20201130	1	45991000052106	63461000052102	3556181000052114	900000000000548007
94d614d1-cd1e-4ed5-85cc-b59ecddada87	20201130	1	45991000052106	63461000052102	3555561000052117	900000000000548007
5dd02441-149e-46ef-b775-8db34cf727e8	20201130	1	45991000052106	63461000052102	3556351000052116	900000000000548007
95d2d50a-408e-409a-990c-320fe2764a29	20201130	1	45991000052106	63461000052102	3554681000052113	900000000000548007
49412a7d-7356-488f-923c-6e53f1cba34c	20201130	1	45991000052106	63461000052102	3556161000052115	900000000000548007
79364ca2-4240-41aa-ba77-56c5bfbf7d45	20201130	1	45991000052106	63461000052102	4192301000052118	900000000000548007
872d0faa-a5ee-498a-9116-8047fe0d524b	20201130	1	45991000052106	63461000052102	4390211000052119	900000000000548007
6d7f8920-5007-4f37-b7d0-9a679aaad6cb	20201130	1	45991000052106	63461000052102	3556671000052117	900000000000548007
fb934622-75bb-45af-972d-748ad60b48aa	20201130	1	45991000052106	63461000052102	3556661000052114	900000000000548007
6ac65364-4ec2-4729-9321-86495537570f	20201130	1	45991000052106	63461000052102	3520081000052112	900000000000548007
211254a2-0681-4350-90f9-5437ae174f97	20201130	1	45991000052106	63461000052102	304841000052115	900000000000548007
7e106b47-6fe7-4fb9-a5e4-853e1c1d19c2	20201130	1	45991000052106	63461000052102	4192411000052110	900000000000548007
407ea508-2047-48ea-a08a-e020179da55f	20201130	1	45991000052106	63461000052102	4192441000052111	900000000000548007
2883b3b5-c4c5-482e-8c22-d80395a45315	20201130	1	45991000052106	63461000052102	4192491000052116	900000000000548007
6e910d1f-9459-4c9a-9208-321134b68c50	20201130	1	45991000052106	63461000052102	4192541000052110	900000000000548007
26aa7e08-300e-470d-a426-c08038c5ca05	20201130	1	45991000052106	63461000052102	4192581000052117	900000000000548007
2a03e709-eda3-4248-8df8-6476d7f71a6c	20201130	1	45991000052106	63461000052102	4209981000052115	900000000000548007
ebaf950b-a6a7-49e2-a81f-453aa974b9a5	20201130	1	45991000052106	63461000052102	4192781000052114	900000000000548007
aaade58d-a63c-40cb-adef-b871930336f5	20201130	1	45991000052106	63461000052102	4192791000052111	900000000000548007
298aa0a3-f57f-4d96-b1cf-5b6bc8acc50d	20201130	1	45991000052106	63461000052102	4192891000052118	900000000000548007
acfc799c-ebd9-479a-8007-4524adcd1fc8	20201130	1	45991000052106	63461000052102	4192941000052119	900000000000548007
fe773115-d83d-4afb-ab6a-d45a39560e4b	20201130	1	45991000052106	63461000052102	4192961000052118	900000000000548007
dbf7941e-5ad1-4b96-8873-138ac57785ad	20201130	1	45991000052106	63461000052102	4192971000052110	900000000000548007
8ec5384b-f037-4c07-9ab0-7fa638e89f75	20201130	1	45991000052106	63461000052102	4192981000052112	900000000000548007
0e839848-6b8a-4c23-91c0-f1f94f2ea687	20201130	1	45991000052106	63461000052102	4331921000052117	900000000000548007
5042a041-26a9-4cde-8654-f1774a01e9ba	20201130	1	45991000052106	63461000052102	4194391000052116	900000000000548007
ad26bf68-1f7b-4159-9974-e57fead2e34e	20201130	1	45991000052106	63461000052102	4200721000052112	900000000000548007
d89e812c-aeeb-48ce-a532-bf7a69204013	20201130	1	45991000052106	63461000052102	4200791000052110	900000000000548007
f5109d6f-6165-4898-961e-5895fa61b94c	20201130	1	45991000052106	63461000052102	4193011000052110	900000000000548007
a48d2387-4076-469c-99b1-c59ce46f2958	20201130	1	45991000052106	63461000052102	4193021000052119	900000000000548007
976d8a63-7cdf-482e-ba5a-9547507c904a	20201130	1	45991000052106	63461000052102	4194571000052112	900000000000548007
